90710800
81015097
22900898
03830828
55300404
00000027
40000008
01290007
20603802
60900791
01894003
71200570
00605060
05077000
70388100
99010751
25589000
09004062
89508900
08604005
89048000
08201099
07082440
00034040
00000880
00600844
48210040
00133072
04050756
04000100
33005435
30837000
03745000
07690030
06000860
00000200
01157150
42400130
24087090
00097780
10020902
00659000
00067481
30062055
61906000
50005908
04950007
02004470
40232067
00500020
00003000
22000705
06400297
00590000
03125271
00780500
43068053
07509030
10030650
06022710
08060018
08700863
00927501
40007950
00008417
99120015
81106806
42409002
09400703
04000403
00400400
06140048
20049380
45080300
80060003
57520400
80007200
70835029
03009409
53106100
64500383
00001248
00000040
22096290
07072090
80700008
00806200
27050555
90006020
00020340
97528120
93000400
01009300
80607000
60002072
09039040
38006349
00000567
60000047
08360960
43605522
10001708
04234060
00435202
76909010
28545050
36051307
05509520
79800007
08000909
18001511
27042360
51131311
90000671
46211341
03070090
47405223
03996082
19041950
45950000
53030300
06057901
25002099
65794701
00301687
08520150
00067014
00200009
30074000
71903956
40148360
80080380
00060772
40400046
01618390
56925008
47940524
03053062
41010010
08774004
55002200
06508080
80538700
00560070
06801090
70780065
53410289
38112001
00100308
00156090
59200001
00040098
25055430
17707082
00011000
18008008
80370079
08070440
91000648
40900368
60060906
00780088
05100500
79270972
00716001
00043700
07050093
30000770
42301064
80010202
40093000
89099096
60065130
50046044
30180042
05632534
06940930
00030764
04980006
83009003
04711013
05784400
03220700
50804422
52048491
50305504
02439500
42000734
00070800
84250004
04000010
00200009
43004080
30109005
60000000
00882000
92000869
19822000
05005549
05174040
73700940
60290408
00420900
99000007
41107930
50002790
07395801
90701809
71080060
00443086
80777059
30604460
34037360
20341851
04800572
75116039
90005280
29370054
46143600
33981904
90380700
00800640
00030080
80280285
09032725
16079044
64035510
40088050
07040510
30102306
00082703
30577139
96980208
03090946
89410036
00081008
50092084
01111810
63370522
90000707
70274540
00209060
69025977
88000900
09030090
35308649
78000004
05000001
09989438
60102908
00500000
00619090
05083104
20200155
20004534
06471501
07008010
56507908
00000770
04009708
36000906
00373300
08753004
09034040
73130006
10087338
80000829
29002020
30003440
08000159
34700008
15880728
87315080
70002420
42657748
80307080
09000935
04400240
93090054
02028004
20234800
15900205
44054798
10800100
70925480
76505410
34000200
12320005
01000880
10940005
42017603
59090435
29000020
90003007
13080101
06607001
40078258
09030609
47690850
20013000
08500000
99100130
00405005
08200500
05900020
00400900
80560901
68830090
60300802
00060300
43802201
79543004
06370040
00503005
45005000
26079706
28200785
94000980
05309270
69220415
60020855
03050000
00693000
09006809
04060780
52900095
04400400
78103905
00050805
60076882
05000244
05300015
58270557
97687520
05060126
08004007
52004400
66232726
65070020
02030020
50000890
93096003
80002524
20760084
06445870
81100740
56053479
40000870
80036030
36090704
09676000
30000000
00202000
75309787
00921046
10741422
00440405
09900988
70000600
03159400
00939064
85048000
60190092
84008750
82008229
09007901
00057600
00204527
01336604
70369906
10064370
05697000
90043820
00413030
73000090
02290700
06021765
50068300
03010059
65700667
06309034
04188008
30808005
43484921
59534295
68330661
05670004
34006004
49045000
00000096
23990000
10398051
49064076
92003302
53090000
00050088
00040020
43015759
09500050
27167006
01000095
86707800
72040000
01611869
05088783
03410910
20350010
00495000
07500207
04030837
00376100
90000060
05160557
04066030
09002070
08000097
00040807
13206092
80200530
05102769
60598301
03006000
62630293
02070649
09000038
50812085
56020188
14000040
20688190
94430776
17400640
06350788
59010048
02008000
53751056
00008038
60200007
00000410
86070000
07600305
59204927
47000000
98416620
00546100
52006508
76330089
86062742
49000820
40800843
80009259
03508059
70098000
50072279
05168060
53590005
54701136
20119709
01450993
00000212
15204201
53090000
20140020
20182706
90690090
79319050
80072936
40009600
89143640
34005208
10009420
00169003
00034001
90520638
00600287
93348027
00007031
69700563
40000205
51137066
39190800
09070095
00640100
20700000
76100094
60664600
56570720
05023803
16341040
09380076
05345100
02021570
00016021
05641902
00501110
49442509
03050007
03800500
09010600
00004030
85010542
